00 00 00 10 00 00 00 0c 00 42 00 75 00 62 00 62 
00 6c 00 65 00 5f 00 4d 00 61 00 73 00 6b 00 00 
00 00 00 00 01 00 00 00 00 00 00 00 00 00 11 00 
4d 00 61 00 6b 00 65 00 20 00 62 00 75 00 62 00 
62 00 6c 00 65 00 20 00 6d 00 61 00 73 00 6b 00 
00 00 00 00 00 15 00 01 00 00 54 45 58 54 00 00 
00 08 63 6f 6e 74 72 61 63 74 00 00 00 08 43 6f 
6e 74 72 61 65 72 ff ff ff ff 00 00 00 09 00 43 
00 6f 00 6e 00 74 00 72 00 61 00 65 00 72 00 00 
00 00 00 00 43 6e 74 63 00 00 00 01 00 00 00 00 
42 79 20 20 55 6e 74 46 23 50 78 6c 40 00 00 00 
00 00 00 00 00 01 00 00 54 45 58 54 00 00 00 04 
6d 61 6b 65 00 00 00 05 43 72 65 61 72 ff ff ff 
ff 00 00 00 06 00 43 00 72 00 65 00 61 00 72 00 
00 00 00 00 00 4d 6b 20 20 00 00 00 02 00 00 00 
00 6e 75 6c 6c 6f 62 6a 20 00 00 00 01 43 6c 73 
73 00 00 00 01 00 00 00 00 00 0c 63 6f 6e 74 65 
6e 74 4c 61 79 65 72 00 00 00 00 55 73 6e 67 4f 
62 6a 63 00 00 00 01 00 00 00 00 00 0c 63 6f 6e 
74 65 6e 74 4c 61 79 65 72 00 00 00 01 00 00 00 
00 54 79 70 65 4f 62 6a 63 00 00 00 01 00 00 00 
00 00 0f 73 6f 6c 69 64 43 6f 6c 6f 72 4c 61 79 
65 72 00 00 00 01 00 00 00 00 43 6c 72 20 4f 62 
6a 63 00 00 00 01 00 00 00 00 00 00 47 72 73 63 
00 00 00 01 00 00 00 00 47 72 79 20 64 6f 75 62 
00 00 00 00 00 00 00 00 00 01 00 02 54 45 58 54 
00 00 00 0e 72 61 73 74 65 72 69 7a 65 4c 61 79 
65 72 00 00 00 0a 52 61 73 74 65 72 69 7a 61 72 
ff ff ff ff 00 00 00 0b 00 52 00 61 00 73 00 74 
00 65 00 72 00 69 00 7a 00 61 00 72 00 00 00 00 
00 0e 72 61 73 74 65 72 69 7a 65 4c 61 79 65 72 
00 00 00 02 00 00 00 00 6e 75 6c 6c 6f 62 6a 20 
00 00 00 01 45 6e 6d 72 00 00 00 01 00 00 00 00 
00 00 4c 79 72 20 00 00 00 00 4f 72 64 6e 00 00 
00 00 54 72 67 74 00 00 00 00 57 68 61 74 65 6e 
75 6d 00 00 00 0d 72 61 73 74 65 72 69 7a 65 49 
74 65 6d 00 00 00 07 63 6f 6e 74 65 6e 74 00 01 
00 02 54 45 58 54 00 00 00 06 64 65 6c 65 74 65 
00 00 00 08 45 6c 69 6d 69 6e 61 72 ff ff ff ff 
00 00 00 09 00 45 00 6c 00 69 00 6d 00 69 00 6e 
00 61 00 72 00 00 00 00 00 00 44 6c 74 20 00 00 
00 02 00 00 00 00 6e 75 6c 6c 6f 62 6a 20 00 00 
00 01 45 6e 6d 72 00 00 00 01 00 00 00 00 00 00 
43 68 6e 6c 00 00 00 00 43 68 6e 6c 00 00 00 00 
4d 73 6b 20 00 00 00 00 41 70 6c 79 62 6f 6f 6c 
01 00 01 00 02 54 45 58 54 00 00 00 03 73 65 74 
00 00 00 07 44 65 66 69 6e 69 72 ff ff ff ff 00 
00 00 08 00 44 00 65 00 66 00 69 00 6e 00 69 00 
72 00 00 00 00 00 00 73 65 74 64 00 00 00 02 00 
00 00 00 6e 75 6c 6c 6f 62 6a 20 00 00 00 01 70 
72 6f 70 00 00 00 01 00 00 00 00 00 00 43 68 6e 
6c 00 00 00 00 66 73 65 6c 00 00 00 00 54 20 20 
20 65 6e 75 6d 00 00 00 00 4f 72 64 6e 00 00 00 
00 4e 6f 6e 65 01 01 00 02 54 45 58 54 00 00 00 
04 73 68 6f 77 00 00 00 07 4d 6f 73 74 72 61 72 
ff ff ff ff 00 00 00 08 00 4d 00 6f 00 73 00 74 
00 72 00 61 00 72 00 00 00 00 00 00 53 68 77 20 
00 00 00 02 00 00 00 00 6e 75 6c 6c 56 6c 4c 73 
00 00 00 01 6f 62 6a 20 00 00 00 01 45 6e 6d 72 
00 00 00 01 00 00 00 00 00 00 4c 79 72 20 00 00 
00 00 4f 72 64 6e 00 00 00 00 54 72 67 74 00 00 
00 00 54 67 6c 4f 62 6f 6f 6c 01 00 01 00 00 54 
45 58 54 00 00 00 0a 63 6f 6c 6f 72 52 61 6e 67 
65 00 00 00 0e 52 61 6e 67 6f 20 64 65 20 63 6f 
6c 6f 72 ff ff ff ff 00 00 00 0f 00 52 00 61 00 
6e 00 67 00 6f 00 20 00 64 00 65 00 20 00 63 00 
6f 00 6c 00 6f 00 72 00 00 00 00 00 00 43 6c 72 
52 00 00 00 02 00 00 00 00 43 6c 72 73 65 6e 75 
6d 00 00 00 00 43 6c 72 73 00 00 00 00 48 67 68 
6c 00 00 00 00 49 6e 76 72 62 6f 6f 6c 01 00 01 
00 00 54 45 58 54 00 00 00 08 63 6f 6e 74 72 61 
63 74 00 00 00 08 43 6f 6e 74 72 61 65 72 ff ff 
ff ff 00 00 00 09 00 43 00 6f 00 6e 00 74 00 72 
00 61 00 65 00 72 00 00 00 00 00 00 43 6e 74 63 
00 00 00 01 00 00 00 00 42 79 20 20 55 6e 74 46 
23 50 78 6c 40 39 00 00 00 00 00 00 00 01 00 00 
54 45 58 54 00 00 00 08 63 6f 6e 74 72 61 63 74 
00 00 00 08 43 6f 6e 74 72 61 65 72 ff ff ff ff 
00 00 00 09 00 43 00 6f 00 6e 00 74 00 72 00 61 
00 65 00 72 00 00 00 00 00 00 43 6e 74 63 00 00 
00 01 00 00 00 00 42 79 20 20 55 6e 74 46 23 50 
78 6c 40 39 00 00 00 00 00 00 00 01 00 02 54 45 
58 54 00 00 00 04 67 72 6f 77 00 00 00 08 45 78 
74 65 6e 64 65 72 ff ff ff ff 00 00 00 09 00 45 
00 78 00 74 00 65 00 6e 00 64 00 65 00 72 00 00 
00 00 00 00 47 72 6f 77 00 00 00 03 00 00 00 00 
6e 75 6c 6c 6f 62 6a 20 00 00 00 01 70 72 6f 70 
00 00 00 01 00 00 00 00 00 00 43 68 6e 6c 00 00 
00 00 66 73 65 6c 00 00 00 00 54 6c 72 6e 6c 6f 
6e 67 00 00 00 03 00 00 00 00 41 6e 74 41 62 6f 
6f 6c 01 00 01 00 02 54 45 58 54 00 00 00 06 64 
65 6c 65 74 65 00 00 00 08 45 6c 69 6d 69 6e 61 
72 ff ff ff ff 00 00 00 09 00 45 00 6c 00 69 00 
6d 00 69 00 6e 00 61 00 72 00 00 00 00 00 00 44 
6c 74 20 00 00 00 01 00 00 00 00 6e 75 6c 6c 6f 
62 6a 20 00 00 00 01 45 6e 6d 72 00 00 00 01 00 
00 00 00 00 00 4c 79 72 20 00 00 00 00 4f 72 64 
6e 00 00 00 00 54 72 67 74 00 01 00 02 54 45 58 
54 00 00 00 07 69 6e 76 65 72 73 65 00 00 00 08 
49 6e 76 65 72 74 69 72 00 00 00 00 00 01 00 00 
54 45 58 54 00 00 00 07 66 65 61 74 68 65 72 00 
00 00 0a 44 65 73 76 61 6e 65 63 65 72 ff ff ff 
ff 00 00 00 0b 00 44 00 65 00 73 00 76 00 61 00 
6e 00 65 00 63 00 65 00 72 00 00 00 00 00 00 46 
74 68 72 00 00 00 01 00 00 00 00 52 64 73 20 55 
6e 74 46 23 50 78 6c 3f f0 00 00 00 00 00 00 00 
01 00 00 54 45 58 54 00 00 00 04 6d 61 6b 65 00 
00 00 05 43 72 65 61 72 ff ff ff ff 00 00 00 06 
00 43 00 72 00 65 00 61 00 72 00 00 00 00 00 00 
4d 6b 20 20 00 00 00 02 00 00 00 00 6e 75 6c 6c 
6f 62 6a 20 00 00 00 01 43 6c 73 73 00 00 00 01 
00 00 00 00 00 0c 63 6f 6e 74 65 6e 74 4c 61 79 
65 72 00 00 00 00 55 73 6e 67 4f 62 6a 63 00 00 
00 01 00 00 00 00 00 0c 63 6f 6e 74 65 6e 74 4c 
61 79 65 72 00 00 00 01 00 00 00 00 54 79 70 65 
4f 62 6a 63 00 00 00 01 00 00 00 00 00 0f 73 6f 
6c 69 64 43 6f 6c 6f 72 4c 61 79 65 72 00 00 00 
01 00 00 00 00 43 6c 72 20 4f 62 6a 63 00 00 00 
01 00 00 00 00 00 00 47 72 73 63 00 00 00 01 00 
00 00 00 47 72 79 20 64 6f 75 62 00 00 00 00 00 
00 00 00 00 01 00 02 54 45 58 54 00 00 00 0e 72 
61 73 74 65 72 69 7a 65 4c 61 79 65 72 00 00 00 
0a 52 61 73 74 65 72 69 7a 61 72 ff ff ff ff 00 
00 00 0b 00 52 00 61 00 73 00 74 00 65 00 72 00 
69 00 7a 00 61 00 72 00 00 00 00 00 0e 72 61 73 
